---
assets/images/authors/ghost.png: 2019-10-20 23:57:10.385451400 +03:30
assets/images/favicon.png: 2019-10-20 23:57:10.396450400 +03:30
assets/images/ofoghmehr-logo.png: 2019-10-20 23:57:10.397451000 +03:30
assets/images/posts/courses-english.jpg: 2020-12-22 20:04:28.029000000 +03:30
assets/images/posts/courses-german.jpg: 2020-12-22 20:08:04.130000200 +03:30
assets/images/posts/courses-IELTS.jpg: 2020-12-22 20:06:59.906000000 +03:30
assets/images/posts/courses-kids.jpg: 2020-12-22 20:09:53.416000000 +03:30
assets/images/posts/courses-taxi.jpg: 2020-12-22 20:07:31.026000000 +03:30
assets/images/posts/courses-teens.png: 2020-12-22 20:09:47.414000000 +03:30
assets/images/posts/courses-toefl.jpg: 2020-12-22 20:06:33.907000000 +03:30
assets/images/posts/courses-turkish.jpg: 2020-12-22 20:08:57.556000000 +03:30
assets/images/posts/mistake-afraid.png: 2020-12-22 20:02:11.861999800 +03:30
assets/images/posts/mistake-anxious.png: 2020-12-22 20:02:46.618999800 +03:30
assets/images/posts/mistake-ashamed.png: 2020-12-22 20:02:24.088000200 +03:30
assets/images/posts/multimedia-kids.jpeg: 2020-12-23 10:01:12.326841700 +03:30
assets/images/posts/multimedia-teachers-day.jpeg: 2020-12-23 10:01:14.013772000 +03:30
assets/images/posts/multimedia-yalda.jpeg: 2020-12-23 10:01:15.383536500 +03:30
assets/images/posts/news-cooperation.jpg: 2020-12-22 20:18:53.339000000 +03:30
assets/images/posts/news-personnel.png: 2020-12-22 20:20:12.991000000 +03:30
assets/images/posts/news-teachers.png: 2020-12-22 20:20:41.645000000 +03:30
assets/images/posts/news-ttc.png: 2020-12-22 20:19:48.418000000 +03:30
assets/images/posts/news-turkish.jpeg: 2020-12-22 20:19:21.947000200 +03:30
assets/images/site-header.jpg: 2019-10-20 23:57:10.417451300 +03:30
assets/images/tags/fables.jpg: 2020-12-22 19:14:54.668049500 +03:30
assets/images/tags/speeches.jpg: 2020-12-22 19:14:55.547197000 +03:30
